wavelength/nm,wavenumber/cm-1,RSRF/1
395,25316.45569620253,0.000169
396,25252.52525252525,0.000143
397,25188.91687657431,0.000139
398,25125.628140703517,0.00015900000000000002
399,25062.65664160401,0.000199
400,25000.0,0.000265
401,24937.65586034913,0.000364
402,24875.621890547263,0.000497
403,24813.89578163772,0.000669
404,24752.47524752475,0.000879
405,24691.35802469136,0.001221
406,24630.54187192118,0.0016589999999999999
407,24570.02457002457,0.002165
408,24509.803921568626,0.0027429999999999998
409,24449.877750611246,0.0033929999999999997
410,24390.243902439026,0.004113
411,24330.900243309003,0.004901
412,24271.844660194176,0.005752
413,24213.075060532687,0.006649
414,24154.589371980677,0.007567000000000001
415,24096.385542168675,0.008473000000000001
416,24038.46153846154,0.009352000000000001
417,23980.815347721822,0.010279
418,23923.444976076556,0.011366000000000001
419,23866.34844868735,0.012754000000000001
420,23809.52380952381,0.014588
421,23752.969121140144,0.016939
422,23696.682464454978,0.019849000000000002
423,23640.66193853428,0.023342
424,23584.905660377357,0.02743
425,23529.41176470588,0.032226
426,23474.17840375587,0.037896
427,23419.2037470726,0.044664999999999996
428,23364.48598130841,0.052786
429,23310.02331002331,0.062434
430,23255.81395348837,0.073735
431,23201.85614849188,0.086773
432,23148.14814814815,0.101609
433,23094.688221709006,0.11840999999999999
434,23041.474654377882,0.137405
435,22988.505747126437,0.158875
436,22935.77981651376,0.182995
437,22883.29519450801,0.209233
438,22831.0502283105,0.236645
439,22779.04328018223,0.263994
440,22727.272727272728,0.290139
441,22675.736961451246,0.31569400000000003
442,22624.43438914027,0.342553
443,22573.363431151243,0.37343200000000004
444,22522.522522522522,0.410877
445,22471.91011235955,0.45373399999999997
446,22421.52466367713,0.49890700000000004
447,22371.364653243847,0.541814
448,22321.428571428572,0.578025
449,22271.714922049,0.608445
450,22222.222222222223,0.636331
451,22172.949002217294,0.666032
452,22123.893805309734,0.701402
453,22075.05518763797,0.7405419999999999
454,22026.431718061674,0.779359
455,21978.021978021978,0.8130459999999999
456,21929.824561403508,0.8376690000000001
457,21881.83807439825,0.8549500000000001
458,21834.06113537118,0.8684080000000001
459,21786.49237472767,0.881876
460,21739.130434782608,0.8984310000000001
461,21691.973969631235,0.9172199999999999
462,21645.021645021647,0.9360680000000001
463,21598.272138228942,0.952619
464,21551.724137931036,0.9650329999999999
465,21505.37634408602,0.973934
466,21459.227467811157,0.980522
467,21413.276231263382,0.985677
468,21367.521367521367,0.99007
469,21321.961620469083,0.9937609999999999
470,21276.59574468085,0.996641
471,21231.422505307855,0.9986839999999999
472,21186.4406779661,1.0
473,21141.649048625794,0.999777
474,21097.04641350211,0.996968
475,21052.63157894737,0.9905729999999999
476,21008.40336134454,0.9798
477,20964.360587002095,0.96446
478,20920.50209205021,0.944551
479,20876.826722338206,0.9201260000000001
480,20833.333333333332,0.891933
481,20790.02079002079,0.863196
482,20746.887966804978,0.8374349999999999
483,20703.933747412008,0.8178019999999999
484,20661.15702479339,0.805899
485,20618.556701030928,0.798528
486,20576.1316872428,0.791572
487,20533.88090349076,0.780864
488,20491.803278688523,0.7633289999999999
489,20449.89775051125,0.7392780000000001
490,20408.163265306124,0.709707
491,20366.598778004074,0.675721
492,20325.20325203252,0.639301
493,20283.97565922921,0.602278
494,20242.914979757086,0.5662619999999999
495,20202.0202020202,0.532701
496,20161.290322580644,0.502424
497,20120.72434607646,0.474302
498,20080.321285140562,0.446986
499,20040.080160320642,0.419401
500,20000.0,0.390935
501,19960.079840319362,0.361989
502,19920.3187250996,0.333187
503,19880.715705765408,0.305024
504,19841.26984126984,0.277768
505,19801.980198019803,0.251296
506,19762.845849802372,0.225503
507,19723.865877712033,0.20058700000000002
508,19685.03937007874,0.176875
509,19646.365422396855,0.15478899999999998
510,19607.843137254902,0.134744
511,19569.471624266145,0.117033
512,19531.25,0.101542
513,19493.17738791423,0.08799099999999999
514,19455.252918287937,0.07612000000000001
515,19417.47572815534,0.065703
516,19379.84496124031,0.056567
517,19342.35976789168,0.048666999999999995
518,19305.019305019305,0.04195
519,19267.82273603083,0.036329
520,19230.76923076923,0.031691
521,19193.857965451054,0.027881999999999997
522,19157.088122605364,0.024755
523,19120.458891013383,0.022172
524,19083.969465648854,0.020002
525,19047.619047619046,0.018108
526,19011.406844106463,0.016378
527,18975.332068311196,0.014773000000000001
528,18939.39393939394,0.013283
529,18903.59168241966,0.011926
530,18867.924528301886,0.010716000000000002
531,18832.391713747646,0.009655
532,18796.992481203008,0.008737
533,18761.72607879925,0.007932
534,18726.591760299627,0.007213000000000001
535,18691.58878504673,0.006555
536,18656.716417910447,0.0059370000000000004
537,18621.973929236497,0.005346999999999999
538,18587.36059479554,0.0047799999999999995
539,18552.875695732837,0.004234
540,18518.51851851852,0.003715
541,18484.288354898337,0.003236
542,18450.18450184502,0.0028079999999999997
543,18416.206261510128,0.002441
544,18382.352941176472,0.002137
545,18348.623853211007,0.001898
546,18315.018315018315,0.0017280000000000002
547,18281.535648994515,0.0016220000000000002
548,18248.17518248175,0.001565
549,18214.936247723133,0.001539
550,18181.81818181818,0.0015379999999999999
551,18148.820326678764,0.001552
552,18115.942028985508,0.00158
553,18083.182640144667,0.0016120000000000002
554,18050.54151624549,0.0016389999999999998
555,18018.018018018018,0.001653
556,17985.61151079137,0.001665
557,17953.321364452422,0.001663
558,17921.14695340502,0.001651
559,17889.08765652952,0.0016320000000000002
560,17857.14285714286,0.00161
561,17825.311942959,0.001585
562,17793.59430604982,0.001558
563,17761.989342806395,0.0015329999999999999
564,17730.49645390071,0.00151
565,17699.11504424779,0.00149
566,17667.844522968197,0.001502
567,17636.68430335097,0.0015079999999999998
568,17605.6338028169,0.0015090000000000001
569,17574.69244288225,0.001507
570,17543.859649122805,0.001512
