wavelength/nm,wavenumber/cm-1,RSRF/1
1280,7812.5,4.9e-05
1281,7806.4012490242,5.2e-05
1282,7800.312012480499,3.6e-05
1283,7794.23226812159,7.3e-05
1284,7788.16199376947,5.4999999999999995e-05
1285,7782.101167315175,4.9e-05
1286,7776.049766718507,5.7999999999999994e-05
1287,7770.00777000777,5.4000000000000005e-05
1288,7763.975155279503,4.4999999999999996e-05
1289,7757.9519006982155,3.2e-05
1290,7751.937984496124,4.7999999999999994e-05
1291,7745.933384972889,4.3e-05
1292,7739.938080495356,5.6e-05
1293,7733.952049497293,5.6e-05
1294,7727.975270479134,6.3e-05
1295,7722.007722007722,6.2e-05
1296,7716.049382716049,3.1e-05
1297,7710.100231303007,5.7999999999999994e-05
1298,7704.160246533128,5.1000000000000006e-05
1299,7698.229407236336,6.1000000000000005e-05
1300,7692.307692307692,6e-05
1301,7686.395080707149,5.1000000000000006e-05
1302,7680.491551459293,5.3e-05
1303,7674.597083653108,3.6e-05
1304,7668.711656441717,5.2e-05
1305,7662.835249042146,4.3e-05
1306,7656.967840735069,4.3e-05
1307,7651.109410864576,5.7e-05
1308,7645.25993883792,4.4000000000000006e-05
1309,7639.419404125287,5.7e-05
1310,7633.587786259542,5.2e-05
1311,7627.765064836003,5.7999999999999994e-05
1312,7621.951219512195,5.9e-05
1313,7616.146230007616,5.7e-05
1314,7610.350076103501,6.5e-05
1315,7604.5627376425855,4.2e-05
1316,7598.784194528876,3.8e-05
1317,7593.014426727411,5.1000000000000006e-05
1318,7587.253414264036,7.7e-05
1319,7581.50113722517,5.2e-05
1320,7575.757575757576,4.3e-05
1321,7570.02271006813,4e-05
1322,7564.296520423601,6.4e-05
1323,7558.578987150416,4.9e-05
1324,7552.870090634441,3.8e-05
1325,7547.169811320755,4.7000000000000004e-05
1326,7541.478129713424,5.7999999999999994e-05
1327,7535.795026375283,3e-05
1328,7530.120481927711,0.0011279999999999999
1329,7524.4544770504135,0.002154
1330,7518.796992481203,0.002198
1331,7513.1480090157775,0.0022689999999999997
1332,7507.507507507507,0.003639
1333,7501.875468867217,0.004
1334,7496.251874062968,0.004911
1335,7490.63670411985,0.005423
1336,7485.029940119761,0.006592
1337,7479.431563201197,0.008097
1338,7473.841554559043,0.007784999999999999
1339,7468.259895444361,0.007332
1340,7462.686567164179,0.009081
1341,7457.121551081283,0.010276
1342,7451.564828614009,0.011378999999999998
1343,7446.016381236039,0.014352
1344,7440.476190476191,0.021958000000000002
1345,7434.944237918216,0.022917999999999997
1346,7429.420505200595,0.026044
1347,7423.904974016333,0.034386
1348,7418.39762611276,0.046253
1349,7412.898443291327,0.062844
1350,7407.407407407408,0.075447
1351,7401.924500370096,0.089332
1352,7396.449704142012,0.107653
1353,7390.983000739098,0.133914
1354,7385.5243722304285,0.173707
1355,7380.073800738008,0.22754100000000002
1356,7374.6312684365785,0.29084499999999996
1357,7369.196757553426,0.35765300000000005
1358,7363.7702503681885,0.437295
1359,7358.351729212656,0.5168889999999999
1360,7352.941176470588,0.607595
1361,7347.538574577517,0.691788
1362,7342.143906020558,0.7719750000000001
1363,7336.757153338224,0.834743
1364,7331.378299120234,0.8955649999999999
1365,7326.007326007326,0.935022
1366,7320.644216691069,0.963669
1367,7315.2889539136795,0.981926
1368,7309.941520467836,0.99592
1369,7304.601899196494,0.999203
1370,7299.270072992701,1.0
1371,7293.946024799417,0.998342
1372,7288.62973760933,0.994857
1373,7283.3211944646755,0.991429
1374,7278.020378457059,0.985131
1375,7272.727272727273,0.981043
1376,7267.441860465116,0.9797150000000001
1377,7262.164124909223,0.9755410000000001
1378,7256.89404934688,0.977042
1379,7251.631617113851,0.9767560000000001
1380,7246.376811594203,0.9794339999999999
1381,7241.129616220131,0.981528
1382,7235.89001447178,0.9782460000000001
1383,7230.657989877079,0.977534
1384,7225.43352601156,0.9668800000000001
1385,7220.216606498195,0.9449339999999999
1386,7215.007215007215,0.9052939999999999
1387,7209.805335255948,0.851423
1388,7204.610951008645,0.785929
1389,7199.424046076314,0.6937260000000001
1390,7194.244604316546,0.591225
1391,7189.072609633357,0.500888
1392,7183.908045977011,0.41328200000000004
1393,7178.750897343863,0.345743
1394,7173.601147776184,0.279856
1395,7168.458781362007,0.218233
1396,7163.323782234957,0.172162
1397,7158.196134574087,0.13142500000000001
1398,7153.07582260372,0.10156000000000001
1399,7147.962830593281,0.07996500000000001
1400,7142.857142857143,0.063426
1401,7137.758743754461,0.055059
1402,7132.667617689016,0.045882
1403,7127.583749109052,0.051716
1404,7122.507122507122,0.036463
1405,7117.437722419929,0.025884
1406,7112.375533428165,0.020569999999999998
1407,7107.320540156361,0.017536
1408,7102.272727272727,0.016172
1409,7097.232079488999,0.016631
1410,7092.198581560284,0.013279000000000001
1411,7087.172218284904,0.009674
1412,7082.152974504249,0.010555000000000002
1413,7077.140835102618,0.0095
1414,7072.135785007072,0.008095
1415,7067.137809187279,0.005764
1416,7062.146892655367,0.003996
1417,7057.163020465773,0.0031680000000000002
1418,7052.186177715092,0.004053
1419,7047.216349541931,0.0028260000000000004
1420,7042.2535211267605,0.002085
1421,7037.297677691767,0.0017330000000000002
1422,7032.348804500703,0.000145
1423,7027.406886858749,0.000143
1424,7022.471910112359,0.0001
1425,7017.543859649123,0.000186
1426,7012.622720897616,0.000165
1427,7007.70847932726,0.000161
1428,7002.801120448179,0.000168
1429,6997.900629811057,0.00021899999999999998
1430,6993.006993006993,0.000127
1431,6988.120195667366,0.00019199999999999998
1432,6983.2402234636875,0.000171
1433,6978.367062107467,0.000182
1434,6973.5006973500695,0.00013
1435,6968.641114982578,0.000186
1436,6963.788300835655,0.00017500000000000003
1437,6958.942240779402,0.0001
1438,6954.102920723227,0.000131
1439,6949.270326615705,0.00013299999999999998
1440,6944.444444444444,0.00015
1441,6939.625260235947,0.00015
1442,6934.812760055478,0.000153
1443,6930.00693000693,0.00014000000000000001
1444,6925.207756232687,0.000165
1445,6920.415224913495,0.00019199999999999998
1446,6915.629322268326,0.000138
1447,6910.85003455425,0.000157
1448,6906.077348066298,0.000171
1449,6901.311249137336,0.000195
1450,6896.551724137931,0.000147
